#
# Sprite sheet data for MonoGame.
#
# To learn how to import these sprites into your MonoGame project visit:
# https://www.codeandweb.com/texturepacker/monogame
#
# Sprite sheet: ef1.png (864 x 1020)
# $TexturePacker:SmartUpdate:3d39ea2fe14e48ba54a101c3e1e29f2f:e5e6cb2231d08974e0fc32198bc0ddff:599f33db16f6751d25a88f09e3328e45$
#

Effect/BlueGlow;0;1;745;128;128;128;128;0.5;0.5
Effect/Bubble;0;799;603;64;64;64;64;0.5;0.5
Effect/Bullet/0;0;456;964;6;10;6;10;0.5;0.5
Effect/Bullet/1;0;573;934;17;17;17;17;0.5;0.5
Effect/Bullet/2;0;554;899;19;8;19;8;0.5;0.5
Effect/Bullet/3;0;516;994;12;12;12;12;0.5;0.5
Effect/Bullet/4;1;535;960;17;10;10;17;0.5;0.5
Effect/Bullet/5;1;554;960;17;10;10;17;0.5;0.5
Effect/Bullet/6;0;649;931;10;17;10;17;0.5;0.5
Effect/Bullet/7;0;649;950;10;17;10;17;0.5;0.5
Effect/Bullet/8;0;652;912;10;17;10;17;0.5;0.5
Effect/Bullet/9;1;464;952;19;8;8;19;0.5;0.5
Effect/Bullet/10;0;428;997;8;19;8;19;0.5;0.5
Effect/Bullet/11;0;500;608;10;6;10;6;0.5;0.5
Effect/Bullet/12;0;483;921;8;19;8;19;0.5;0.5
Effect/Bullet/13;1;462;906;22;13;13;22;0.5;0.5
Effect/Bullet/14;0;427;964;8;19;8;19;0.5;0.5
Effect/Bullet/15;0;661;961;10;6;10;6;0.5;0.5
Effect/Bullet/16;0;674;969;13;13;13;13;0.5;0.5
Effect/Bullet/17;0;592;931;17;17;17;17;0.5;0.5
Effect/Bullet/18;0;611;931;17;17;17;17;0.5;0.5
Effect/Bullet/19;0;630;931;17;17;17;17;0.5;0.5
Effect/Bullet/20;0;437;970;17;17;17;17;0.5;0.5
Effect/Bullet/21;0;501;905;18;17;18;17;0.5;0.5
Effect/Bullet/22;0;553;929;18;17;18;17;0.5;0.5
Effect/Bullet/23;0;829;326;11;39;11;39;0.5;0.5
Effect/Bullet/24;0;447;872;13;49;13;49;0.5;0.5
Effect/Bullet/25;0;523;375;39;11;39;11;0.5;0.5
Effect/Bullet/26;0;786;991;9;9;9;9;0.5;0.5
Effect/Bullet/27;1;714;925;13;8;8;13;0.5;0.5
Effect/Bullet/28;0;701;961;11;8;11;8;0.5;0.5
Effect/Bullet/29;1;729;925;13;8;8;13;0.5;0.5
Effect/Bullet/30;1;744;925;13;8;8;13;0.5;0.5
Effect/Bullet/31;1;759;925;13;8;8;13;0.5;0.5
Effect/Bullet/32;0;521;905;18;18;18;18;0.5;0.5
Effect/Bullet/33;0;553;909;18;18;18;18;0.5;0.5
Effect/Bullet/34;0;493;924;18;18;18;18;0.5;0.5
Effect/Bullet/35;1;852;332;8;30;30;8;0.5;0.5
Effect/Bullet/36;0;513;925;18;18;18;18;0.5;0.5
Effect/Bullet/37;0;838;1006;8;8;8;8;0.5;0.5
Effect/Bullet/38;0;848;1010;8;8;8;8;0.5;0.5
Effect/Bullet/39;0;816;984;9;9;9;9;0.5;0.5
Effect/Bullet/40;0;683;910;14;14;14;14;0.5;0.5
Effect/Bullet/41;0;795;1002;8;8;8;8;0.5;0.5
Effect/Bullet/42;0;849;1000;8;8;8;8;0.5;0.5
Effect/Bullet/43;0;827;984;9;9;9;9;0.5;0.5
Effect/Bullet/44;0;738;987;11;11;11;11;0.5;0.5
Effect/Bullet/45;0;594;994;13;13;13;13;0.5;0.5
Effect/Bullet/46;0;609;994;13;13;13;13;0.5;0.5
Effect/Bullet/47;0;624;994;13;13;13;13;0.5;0.5
Effect/Bullet/48;0;277;1004;15;15;15;15;0.5;0.5
Effect/Bullet/49;0;611;950;17;17;17;17;0.5;0.5
Effect/Bullet/50;0;766;969;11;8;11;8;0.5;0.5
Effect/Bullet/51;1;339;1004;9;15;15;9;0.5;0.5
Effect/Bullet/52;0;738;1000;11;11;11;11;0.5;0.5
Effect/Bullet/53;0;842;592;18;9;18;9;0.5;0.5
Effect/Bullet/54;1;452;923;10;20;20;10;0.5;0.5
Effect/Bullet/55;0;858;766;5;5;5;5;0.5;0.5
Effect/Bullet/56;0;764;1012;7;7;7;7;0.5;0.5
Effect/Bullet/57;1;576;1009;13;10;10;13;0.5;0.5
Effect/Bullet/58;0;773;1012;7;7;7;7;0.5;0.5
Effect/Bullet/59;1;627;712;12;11;11;12;0.5;0.5
Effect/Bullet/60;1;438;1008;12;11;11;12;0.5;0.5
Effect/Bullet/61;1;452;1008;12;11;11;12;0.5;0.5
Effect/Bullet/62;0;579;972;11;12;11;12;0.5;0.5
Effect/Bullet/63;1;709;1013;10;6;6;10;0.5;0.5
Effect/Bullet/64;0;751;987;11;11;11;11;0.5;0.5
Effect/Bullet/65;0;579;1001;10;6;10;6;0.5;0.5
Effect/Bullet/66;0;838;984;9;9;9;9;0.5;0.5
Effect/Bullet/67;0;816;995;9;9;9;9;0.5;0.5
Effect/Bullet/68;0;652;996;13;13;13;13;0.5;0.5
Effect/Bullet/69;0;827;995;9;9;9;9;0.5;0.5
Effect/Bullet/70;0;751;1000;11;11;11;11;0.5;0.5
Effect/Bullet/71;0;667;999;13;13;13;13;0.5;0.5
Effect/Bullet/72;0;682;984;13;13;13;13;0.5;0.5
Effect/Bullet/73;0;294;1004;15;15;15;15;0.5;0.5
Effect/Bullet/74;0;630;950;17;17;17;17;0.5;0.5
Effect/Bullet/75;1;779;967;8;11;11;8;0.5;0.5
Effect/Bullet/76;0;817;971;11;11;11;11;0.5;0.5
Effect/Bullet/77;1;350;1004;9;15;15;9;0.5;0.5
Effect/Bullet/78;1;579;874;9;18;18;9;0.5;0.5
Effect/Bullet/79;0;682;999;13;13;13;13;0.5;0.5
Effect/Bullet/80;1;415;963;10;20;20;10;0.5;0.5
Effect/Bullet/81;0;858;773;5;5;5;5;0.5;0.5
Effect/Bullet/82;0;782;1012;7;7;7;7;0.5;0.5
Effect/Bullet/83;0;791;1012;7;7;7;7;0.5;0.5
Effect/Bullet/84;1;766;961;10;6;6;10;0.5;0.5
Effect/Bullet/85;0;697;1013;10;6;10;6;0.5;0.5
Effect/Bullet/86;0;838;995;9;9;9;9;0.5;0.5
Effect/Bullet/87;0;816;1006;9;9;9;9;0.5;0.5
Effect/Bullet/88;0;830;971;11;11;11;11;0.5;0.5
Effect/Bullet/89;0;827;1006;9;9;9;9;0.5;0.5
Effect/Bullet/90;1;591;1009;13;10;10;13;0.5;0.5
Effect/Bullet/91;0;843;971;11;11;11;11;0.5;0.5
Effect/Bullet/92;0;697;983;13;13;13;13;0.5;0.5
Effect/Bullet/93;0;697;998;13;13;13;13;0.5;0.5
Effect/Bullet/94;0;311;1004;15;15;15;15;0.5;0.5
Effect/Bullet/95;0;664;910;17;17;17;17;0.5;0.5
Effect/Bullet/96;0;789;968;11;8;11;8;0.5;0.5
Effect/Bullet/97;0;774;917;15;9;15;9;0.5;0.5
Effect/Bullet/98;1;579;894;9;18;18;9;0.5;0.5
Effect/Bullet/99;0;415;985;20;10;20;10;0.5;0.5
Effect/Bullet/100;0;466;1008;11;11;11;11;0.5;0.5
Effect/Bullet/101;0;486;906;13;13;13;13;0.5;0.5
Effect/Bullet/102;0;856;478;5;5;5;5;0.5;0.5
Effect/Bullet/103;0;482;608;7;7;7;7;0.5;0.5
Effect/Bullet/104;0;491;608;7;7;7;7;0.5;0.5
Effect/Bullet/105;0;858;731;5;5;5;5;0.5;0.5
Effect/Bullet/106;0;856;433;7;7;7;7;0.5;0.5
Effect/Bullet/107;0;856;442;7;7;7;7;0.5;0.5
Effect/Bullet/108;0;657;1011;8;8;8;8;0.5;0.5
Effect/Bullet/109;0;806;917;9;9;9;9;0.5;0.5
Effect/Bullet/110;0;606;1009;10;10;10;10;0.5;0.5
Effect/Bullet/111;0;479;1008;11;11;11;11;0.5;0.5
Effect/Bullet/112;0;804;251;30;8;30;8;0.5;0.5
Effect/Bullet/113;0;437;955;13;13;13;13;0.5;0.5
Effect/Bullet/114;0;492;1008;11;11;11;11;0.5;0.5
Effect/Bullet/115;0;817;907;12;12;12;12;0.5;0.5
Effect/Bullet/116;0;699;910;13;13;13;13;0.5;0.5
Effect/Bullet/117;0;225;1005;14;14;14;14;0.5;0.5
Effect/Bullet/118;0;505;1008;11;11;11;11;0.5;0.5
Effect/Bullet/119;0;518;1008;11;11;11;11;0.5;0.5
Effect/Bullet/120;0;639;979;11;11;11;11;0.5;0.5
Effect/Bullet/121;0;639;992;11;11;11;11;0.5;0.5
Effect/Bullet/122;0;700;935;11;11;11;11;0.5;0.5
Effect/Bullet/123;0;700;948;11;11;11;11;0.5;0.5
Effect/Bullet/124;0;661;931;10;13;10;13;0.5;0.5
Effect/Bullet/125;1;123;1005;49;13;13;49;0.5;0.5
Effect/Bullet/126;0;713;935;11;11;11;11;0.5;0.5
Effect/Bullet/127;1;174;1005;49;13;13;49;0.5;0.5
Effect/Bullet/128;0;432;872;13;49;13;49;0.5;0.5
Effect/Bullet/129;0;806;928;9;9;9;9;0.5;0.5
Effect/Bullet/130;0;726;935;11;11;11;11;0.5;0.5
Effect/Bullet/131;0;713;948;11;11;11;11;0.5;0.5
Effect/Bullet/132;1;328;1004;9;15;15;9;0.5;0.5
Effect/Bullet/133;0;739;935;11;11;11;11;0.5;0.5
Effect/Bullet/134;0;726;948;11;11;11;11;0.5;0.5
Effect/Bullet/135;0;714;910;13;13;13;13;0.5;0.5
Effect/Bullet/136;0;752;935;11;11;11;11;0.5;0.5
Effect/Bullet/137;0;739;948;11;11;11;11;0.5;0.5
Effect/Bullet/138;0;765;979;9;9;9;9;0.5;0.5
Effect/Bullet/139;0;618;1009;10;10;10;10;0.5;0.5
Effect/Bullet/140;0;752;948;11;11;11;11;0.5;0.5
Effect/Bullet/141;0;764;990;9;9;9;9;0.5;0.5
Effect/Bullet/142;0;817;921;12;12;12;12;0.5;0.5
Effect/Bullet/143;0;729;910;13;13;13;13;0.5;0.5
Effect/Bullet/144;0;241;1005;14;14;14;14;0.5;0.5
Effect/Bullet/145;0;822;592;18;9;18;9;0.5;0.5
Effect/Bullet/146;0;858;738;5;5;5;5;0.5;0.5
Effect/Bullet/147;0;765;935;11;11;11;11;0.5;0.5
Effect/Bullet/148;0;765;948;11;11;11;11;0.5;0.5
Effect/Bullet/149;0;778;928;11;11;11;11;0.5;0.5
Effect/Bullet/150;0;778;941;11;11;11;11;0.5;0.5
Effect/Bullet/151;0;791;929;11;11;11;11;0.5;0.5
Effect/Bullet/152;0;791;942;11;11;11;11;0.5;0.5
Effect/Bullet/153;0;764;1001;9;9;9;9;0.5;0.5
Effect/Bullet/154;0;804;939;11;11;11;11;0.5;0.5
Effect/Bullet/155;0;744;910;13;13;13;13;0.5;0.5
Effect/Bullet/156;0;759;910;13;13;13;13;0.5;0.5
Effect/Bullet/157;0;383;997;13;22;13;22;0.5;0.5
Effect/Bullet/158;0;685;938;13;13;13;13;0.5;0.5
Effect/Bullet/159;0;361;1004;20;10;20;10;0.5;0.5
Effect/Bullet/160;0;464;962;13;13;13;13;0.5;0.5
Effect/Bullet/161;0;479;963;13;13;13;13;0.5;0.5
Effect/Bullet/162;0;504;964;13;13;13;13;0.5;0.5
Effect/Bullet/163;0;858;745;5;5;5;5;0.5;0.5
Effect/Bullet/164;0;856;451;7;7;7;7;0.5;0.5
Effect/Bullet/165;0;778;954;11;11;11;11;0.5;0.5
Effect/Bullet/166;0;856;460;7;7;7;7;0.5;0.5
Effect/Bullet/167;0;775;1002;8;8;8;8;0.5;0.5
Effect/Bullet/168;0;519;964;13;13;13;13;0.5;0.5
Effect/Bullet/169;0;791;955;11;11;11;11;0.5;0.5
Effect/Bullet/170;0;804;952;11;11;11;11;0.5;0.5
Effect/Bullet/171;0;817;945;11;11;11;11;0.5;0.5
Effect/Bullet/172;0;858;752;5;5;5;5;0.5;0.5
Effect/Bullet/173;0;830;945;11;11;11;11;0.5;0.5
Effect/Bullet/174;0;843;945;11;11;11;11;0.5;0.5
Effect/Bullet/175;0;817;958;11;11;11;11;0.5;0.5
Effect/Bullet/176;0;830;958;11;11;11;11;0.5;0.5
Effect/Bullet/177;0;464;977;13;13;13;13;0.5;0.5
Effect/Bullet/178;0;858;759;5;5;5;5;0.5;0.5
Effect/Bullet/179;0;661;946;10;13;10;13;0.5;0.5
Effect/Bullet/180;0;856;469;7;7;7;7;0.5;0.5
Effect/Bullet/181;0;856;945;7;7;7;7;0.5;0.5
Effect/Bullet/182;0;785;1002;8;8;8;8;0.5;0.5
Effect/Bullet/183;0;776;980;9;9;9;9;0.5;0.5
Effect/Bullet/184;0;630;1009;10;10;10;10;0.5;0.5
Effect/Bullet/185;0;856;954;7;7;7;7;0.5;0.5
Effect/Bullet/186;0;843;958;11;11;11;11;0.5;0.5
Effect/Bullet/187;0;502;994;12;12;12;12;0.5;0.5
Effect/Bullet/188;0;479;978;13;13;13;13;0.5;0.5
Effect/Bullet/189;0;504;979;13;13;13;13;0.5;0.5
Effect/Bullet/190;0;519;979;13;13;13;13;0.5;0.5
Effect/Bullet/191;0;535;944;14;14;14;14;0.5;0.5
Effect/Bullet/192;0;714;961;11;11;11;11;0.5;0.5
Effect/Bullet/193;0;727;961;11;11;11;11;0.5;0.5
Effect/Bullet/194;0;740;961;11;11;11;11;0.5;0.5
Effect/Bullet/195;0;753;961;11;11;11;11;0.5;0.5
Effect/Bullet/196;0;804;965;11;11;11;11;0.5;0.5
Effect/Bullet/197;0;713;974;11;11;11;11;0.5;0.5
Effect/Bullet/198;0;856;963;7;7;7;7;0.5;0.5
Effect/Bullet/199;0;726;974;11;11;11;11;0.5;0.5
Effect/Bullet/200;0;739;974;11;11;11;11;0.5;0.5
Effect/Bullet/201;0;795;1002;8;8;8;8;0.5;0.5
Effect/Bullet/202;0;260;1004;15;15;15;15;0.5;0.5
Effect/Bullet/203;0;534;972;13;13;13;13;0.5;0.5
Effect/Bullet/204;0;549;972;13;13;13;13;0.5;0.5
Effect/Bullet/205;0;564;972;13;13;13;13;0.5;0.5
Effect/Bullet/206;0;457;993;13;13;13;13;0.5;0.5
Effect/Bullet/207;0;472;993;13;13;13;13;0.5;0.5
Effect/Bullet/208;0;487;993;13;13;13;13;0.5;0.5
Effect/Bullet/209;0;838;1006;8;8;8;8;0.5;0.5
Effect/Bullet/210;0;817;935;13;8;13;8;0.5;0.5
Effect/Bullet/211;0;398;997;13;22;13;22;0.5;0.5
Effect/Bullet/212;0;832;935;13;8;13;8;0.5;0.5
Effect/Bullet/213;0;775;907;19;8;19;8;0.5;0.5
Effect/Bullet/214;0;533;925;18;17;18;17;0.5;0.5
Effect/Bullet/215;0;796;907;19;8;19;8;0.5;0.5
Effect/Bullet/216;1;852;300;8;30;30;8;0.5;0.5
Effect/Bullet/217;0;791;917;13;10;13;10;0.5;0.5
Effect/Bullet/218;0;673;944;10;13;10;13;0.5;0.5
Effect/Bullet/219;0;856;972;7;7;7;7;0.5;0.5
Effect/Bullet/220;0;534;987;13;13;13;13;0.5;0.5
Effect/Bullet/221;0;413;997;13;22;13;22;0.5;0.5
Effect/Bullet/222;0;549;987;13;13;13;13;0.5;0.5
Effect/Bullet/223;0;662;969;10;13;10;13;0.5;0.5
Effect/Bullet/224;0;564;987;13;13;13;13;0.5;0.5
Effect/Bullet/225;1;573;914;17;18;18;17;0.5;0.5
Effect/Bullet/226;0;579;986;13;13;13;13;0.5;0.5
Effect/Bullet/227;0;688;953;10;13;10;13;0.5;0.5
Effect/Bullet/228;0;594;979;13;13;13;13;0.5;0.5
Effect/Bullet/229;0;609;979;13;13;13;13;0.5;0.5
Effect/Bullet/230;0;689;968;10;13;10;13;0.5;0.5
Effect/Bullet/231;0;856;981;7;7;7;7;0.5;0.5
Effect/Bullet/232;0;624;979;13;13;13;13;0.5;0.5
Effect/Bullet/233;1;607;969;13;8;8;13;0.5;0.5
Effect/Bullet/234;0;850;793;13;59;13;59;0.5;0.5
Effect/Bullet/235;1;622;969;13;8;8;13;0.5;0.5
Effect/Bullet/236;0;592;912;18;17;18;17;0.5;0.5
Effect/Bullet/237;1;637;969;13;8;8;13;0.5;0.5
Effect/Bullet/238;0;652;969;8;13;8;13;0.5;0.5
Effect/Bullet/239;0;673;929;8;13;8;13;0.5;0.5
Effect/Bullet/240;0;831;923;13;10;13;10;0.5;0.5
Effect/Bullet/241;0;846;923;13;10;13;10;0.5;0.5
Effect/Bullet/242;0;683;926;13;10;13;10;0.5;0.5
Effect/Bullet/243;0;849;990;8;8;8;8;0.5;0.5
Effect/Bullet/244;0;652;984;13;10;13;10;0.5;0.5
Effect/Bullet/245;0;531;1009;13;10;13;10;0.5;0.5
Effect/Bullet/246;0;546;1009;13;10;13;10;0.5;0.5
Effect/Bullet/247;0;612;912;18;17;18;17;0.5;0.5
Effect/Bullet/248;1;1;1005;59;13;13;59;0.5;0.5
Effect/Bullet/249;0;561;1009;13;10;13;10;0.5;0.5
Effect/Bullet/250;1;673;959;13;8;8;13;0.5;0.5
Effect/Bullet/251;0;494;963;8;13;8;13;0.5;0.5
Effect/Bullet/252;0;494;978;8;13;8;13;0.5;0.5
Effect/Bullet/253;1;642;1011;13;8;8;13;0.5;0.5
Effect/Bullet/254;1;699;925;13;8;8;13;0.5;0.5
Effect/Bullet/255;0;775;991;9;9;9;9;0.5;0.5
Effect/Bullet/256;0;849;1000;8;8;8;8;0.5;0.5
Effect/Bullet/257;0;847;935;13;8;13;8;0.5;0.5
Effect/Bullet/258;0;632;912;18;17;18;17;0.5;0.5
Effect/Bullet/259;0;464;942;19;8;19;8;0.5;0.5
Effect/Bullet/260;1;442;923;8;30;30;8;0.5;0.5
Effect/Bullet/261;0;822;531;13;59;13;59;0.5;0.5
Effect/Bullet/262;0;667;984;13;13;13;13;0.5;0.5
Effect/Bullet/263;0;842;300;8;30;8;30;0.5;0.5
Effect/Bullet/264;0;422;926;8;30;8;30;0.5;0.5
Effect/Bullet/265;0;432;923;8;30;8;30;0.5;0.5
Effect/Bullet/266;0;842;332;8;30;8;30;0.5;0.5
Effect/Bullet/267;0;701;971;10;10;10;10;0.5;0.5
Effect/Bullet/268;0;752;974;11;11;11;11;0.5;0.5
Effect/Bullet/269;0;848;1010;8;8;8;8;0.5;0.5
Effect/Bullet/270;0;787;980;9;9;9;9;0.5;0.5
Effect/Bullet/271;0;712;987;11;11;11;11;0.5;0.5
Effect/Bullet/272;0;798;978;9;9;9;9;0.5;0.5
Effect/Bullet/273;0;712;1000;11;11;11;11;0.5;0.5
Effect/Bullet/274;1;62;1005;59;13;13;59;0.5;0.5
Effect/Bullet/275;0;797;991;9;9;9;9;0.5;0.5
Effect/Bullet/276;0;725;987;11;11;11;11;0.5;0.5
Effect/Bullet/277;0;805;1002;9;9;9;9;0.5;0.5
Effect/Bullet/278;0;485;944;17;17;17;17;0.5;0.5
Effect/Bullet/279;0;725;1000;11;11;11;11;0.5;0.5
Effect/Bullet/280;0;592;969;13;8;13;8;0.5;0.5
Effect/Bullet/281;0;438;989;17;17;17;17;0.5;0.5
Effect/Bullet/282;0;504;945;17;17;17;17;0.5;0.5
Effect/Bullet/283;0;573;953;17;17;17;17;0.5;0.5
Effect/Bullet/284;0;592;950;17;17;17;17;0.5;0.5
Effect/Bullet/285;1;564;375;17;10;10;17;0.5;0.5
Effect/Bullet/286;0;541;905;10;17;10;17;0.5;0.5
Effect/Bullet/287;0;456;976;6;10;6;10;0.5;0.5
Effect/Bullet/288;0;452;945;10;17;10;17;0.5;0.5
Effect/Bullet/289;0;523;945;10;17;10;17;0.5;0.5
Effect/Bullet/290;1;551;948;17;10;10;17;0.5;0.5
Effect/ChunkySplinter;0;506;790;82;82;128;128;0.5365853658536586;0.47560975609756095
Effect/Cloud;1;260;874;121;128;128;128;0.5;0.49586776859504134
Effect/DenseRain;0;1;1;453;484;512;512;0.5011037527593819;0.49173553719008267
Effect/ExplosionA/0;0;383;926;37;35;64;64;0.4864864864864865;0.4857142857142857
Effect/ExplosionA/1;1;822;485;41;44;64;64;0.4772727272727273;0.4878048780487805
Effect/ExplosionA/2;1;383;874;47;50;64;64;0.48;0.48936170212765956
Effect/ExplosionA/3;0;775;855;54;50;64;64;0.48148148148148145;0.48
Effect/ExplosionA/4;0;716;854;57;54;64;64;0.47368421052631576;0.48148148148148145
Effect/ExplosionA/5;0;653;852;61;56;64;64;0.47540983606557374;0.48214285714285715
Effect/ExplosionA/6;0;590;852;61;58;64;64;0.47540983606557374;0.4827586206896552
Effect/ExplosionA/7;1;804;187;58;62;64;64;0.4838709677419355;0.4827586206896552
Effect/ExplosionA/8;0;785;793;63;60;64;64;0.49206349206349204;0.48333333333333334
Effect/ExplosionA/9;1;780;261;60;63;64;64;0.49206349206349204;0.48333333333333334
Effect/ExplosionA/10;1;804;1;59;63;64;64;0.49206349206349204;0.4745762711864407
Effect/ExplosionA/11;0;590;790;63;60;64;64;0.49206349206349204;0.48333333333333334
Effect/ExplosionA/12;0;655;790;63;60;64;64;0.49206349206349204;0.48333333333333334
Effect/ExplosionA/13;0;799;669;63;60;64;64;0.49206349206349204;0.48333333333333334
Effect/ExplosionA/14;0;728;730;63;60;64;64;0.49206349206349204;0.48333333333333334
Effect/ExplosionA/15;0;793;731;63;60;64;64;0.49206349206349204;0.48333333333333334
Effect/ExplosionA/16;0;720;792;63;60;64;64;0.49206349206349204;0.48333333333333334
Effect/ExplosionA/17;1;799;370;60;61;64;64;0.47540983606557374;0.48333333333333334
Effect/ExplosionA/18;0;804;66;59;59;64;64;0.4576271186440678;0.4745762711864407
Effect/ExplosionA/19;1;804;127;59;58;64;64;0.46551724137931033;0.4745762711864407
Effect/ExplosionA/20;1;799;433;55;50;64;64;0.48;0.45454545454545453
Effect/ExplosionA/21;1;780;326;47;42;64;64;0.47619047619047616;0.46808510638297873
Effect/ExplosionA/22;0;837;531;26;35;64;64;0.5;0.4
Effect/ExplosionB/0;0;831;855;32;32;32;32;0.5;0.5
Effect/ExplosionB/1;1;492;874;31;29;32;32;0.4482758620689655;0.5161290322580645
Effect/ExplosionB/2;0;554;874;23;23;32;32;0.4782608695652174;0.5217391304347826
Effect/ExplosionB/3;0;525;874;27;29;32;32;0.48148148148148145;0.4827586206896552
Effect/ExplosionB/4;0;831;889;32;32;32;32;0.5;0.5
Effect/ExplosionB/5;0;383;963;30;32;32;32;0.5;0.5
Effect/ExplosionB/6;0;462;872;28;32;32;32;0.4642857142857143;0.5
Effect/ExplosionB/7;1;837;568;26;22;32;32;0.5;0.6153846153846154
Effect/ExplosionB/8;0;842;251;21;23;32;32;0.47619047619047616;0.6521739130434783
Effect/ExplosionB/9;1;842;276;21;22;32;32;0.5;0.7142857142857143
Effect/ExplosionB/10;0;464;921;17;19;32;32;0.47058823529411764;0.7894736842105263
Effect/Fire/0;0;583;375;105;110;128;128;0.4666666666666667;0.4909090909090909
Effect/Fire/1;0;690;374;107;111;128;128;0.45794392523364486;0.4864864864864865
Effect/Fire/2;0;512;608;113;115;128;128;0.4778761061946903;0.48695652173913045
Effect/Fire/3;0;456;259;65;128;128;128;0.47692307692307695;0.5
Effect/Fire/4;0;729;603;68;125;128;128;0.4411764705882353;0.488
Effect/FireSmoke;1;641;712;85;76;128;128;0.5394736842105263;0.49411764705882355
Effect/GlassShard;0;389;487;91;128;128;128;0.45054945054945056;0.5
Effect/GoldNugget;0;653;261;125;111;128;128;0.496;0.5135135135135135
Effect/GreenGlow;0;259;487;128;128;128;128;0.5;0.5
Effect/Leaf/0;0;544;1;128;128;128;128;0.5;0.5
Effect/Leaf/1;0;1;875;128;128;128;128;0.5;0.5
Effect/Leaf/2;1;389;617;121;128;128;128;0.5;0.47107438016528924
Effect/LongSplinter;1;131;745;126;128;128;128;0.5;0.49206349206349204
Effect/MuzzleFlash/0;1;389;747;115;123;128;128;0.4878048780487805;0.5304347826086957
Effect/MuzzleFlash/1;0;674;1;128;128;128;128;0.5;0.5
Effect/MuzzleFlash/2;0;456;389;125;96;128;128;0.488;0.4895833333333333
Effect/MuzzleFlash/3;1;601;487;109;115;128;128;0.5043478260869565;0.5137614678899083
Effect/MuzzleFlash/4;0;712;487;108;114;128;128;0.4722222222222222;0.5526315789473685
Effect/MuzzleFlash/5;0;456;1;86;256;128;256;0.5232558139534884;0.5
Effect/MuzzleFlash/6;1;482;487;117;119;128;128;0.4957983193277311;0.5042735042735043
Effect/RainbowBubble;0;1;487;256;256;256;256;0.5;0.5
Effect/RedGlow;0;259;617;128;128;128;128;0.5;0.5
Effect/RisingSmoke;1;512;725;127;63;128;128;0.6349206349206349;0.49606299212598426
Effect/Smoke;0;259;747;128;125;128;128;0.5;0.488
Effect/Snowflake;0;523;261;128;112;128;128;0.5;0.5
Effect/Stone;1;131;875;127;128;128;128;0.5;0.5039370078740157
Effect/WhiteGlow;0;544;131;128;128;128;128;0.5;0.5
Effect/WhiteSmoke;1;627;604;100;106;128;128;0.42452830188679247;0.56
Effect/YellowGlow;0;674;131;128;128;128;128;0.5;0.5